(venv) PS C:\Users\donur\Documents\mutex-demo-master\mutex-demo-master> python mutex.py
Usage: python mutex.py <cs_int> <next_req> <tot_exec_time> <option>
(venv) PS C:\Users\donur\Documents\mutex-demo-master\mutex-demo-master> python mutex.py 5 7 15 1
1669750664.825000 8 5 request1669750664.825000 2 0 request1669750664.825000 1 0 request1669750664.826000 4 1 request1669750664.826000 6 3 request






 1669750664.826000 3 0 request
1669750664.826000 7 4 request1669750664.826000 0 6 request1669750664.826000 5 2 request






1669750664.842000 1 7 request1669750664.842000 7 5 request1669750664.844000 8 6 request1669750664.844000 5 3 request1669750664.845000 2 1 request1669750664.846000 0 7 request
 1669750664.847000 4 2 request








1669750664.843000 3 1 request
1669750664.848000 6 4 request


1669750664.870000 1 8 request1669750664.870000 5 4 request
 1669750664.872000 0 8 request


1669750664.887000 6 5 request1669750664.887000 4 3 request1669750664.888000 8 7 request1669750664.889000 5 8 grant1669750664.889000 2 8 request
 1669750664.891000 3 2 request








 1669750664.891000 7 6 request
1669750664.901000 0 2 grant1669750664.901000 1 4 grant


1669750664.919000 5 8 inquire1669750664.919000 2 5 grant1669750664.920000 4 7 grant1669750664.921000 0 1 grant1669750664.922000 6 0 grant
 1669750664.923000 1 4 inquire


 1669750664.924000 3 6 grant






1669750664.951000 5 8 inquire1669750664.951000 6 0 inquire1669750664.950000 2 5 inquire1669750664.953000 1 4 inquire
 1669750664.954000 3 6 inquire




1669750664.954000 4 7 inquire1669750664.958000 0 3 grant




1669750664.962000 0 1 2 3
1669750664.983000 4 7 inquire1669750664.983000 0 1 inquire1669750664.982000 2 5 inquire1669750664.984000 6 0 inquire1669750664.985000 3 6 inquire 1669750664.986000 1 0 release










1669750664.996000 7 1 grant
1669750665.014000 0 2 inquire1669750665.014000 3 0 release1669750665.015000 2 0 release




1669750665.027000 1 0 request
1669750665.043000 7 1 inquire1669750665.043000 2 0 request1669750665.044000 1 2 grant
 1669750665.045000 3 0 request


1669750665.044000 0 3 inquire


1669750665.075000 0 1 inquire1669750665.075000 1 3 grant


1669750665.088000 1 2 3 4
1669750665.108000 0 2 inquire1669750665.108000 1 2 inquire


1669750665.122000 3 1 release1669750665.122000 2 1 release
 1669750665.123000 4 1 release


1669750665.135000 0 3 inquire1669750665.137000 8 2 grant
 1669750665.137000 1 3 inquire


1669750665.153000 2 4 grant1669750665.153000 4 1 request
 1669750665.154000 3 1 request


1669750665.184000 2 3 grant
1669750665.198000 2 3 4 5
 1669750665.200000 2 1 request
1669750665.216000 8 2 inquire
1669750665.231000 4 2 release1669750665.231000 2 4 inquire1669750665.232000 3 2 release1669750665.233000 5 2 release






1669750665.246000 0 3 grant
1669750665.263000 2 3 inquire1669750665.263000 4 2 request1669750665.264000 3 2 request1669750665.264000 5 2 request






1669750665.276000 0 3 inquire
1669750665.291000 3 5 grant
1669750665.305000 3 4 grant
1669750665.320000 3 4 5 6
1669750665.322000 3 5 inquire
1669750665.336000 3 4 inquire1669750665.336000 4 3 release


1669750665.353000 5 3 release1669750665.353000 1 4 grant1669750665.354000 6 3 release




1669750665.369000 5 3 request1669750665.369000 6 3 request1669750665.369000 4 3 request




1669750665.384000 4 6 grant1669750665.384000 1 4 inquire


1669750665.399000 4 5 grant
1669750665.413000 4 5 6 7
 1669750665.413000 4 6 inquire
1669750665.430000 4 5 inquire
1669750665.448000 6 4 release1669750665.448000 7 4 release1669750665.449000 5 4 release




1669750665.463000 2 5 grant
1669750665.479000 6 4 request1669750665.479000 5 4 request1669750665.480000 7 4 request




1669750665.493000 2 5 inquire
1669750665.510000 5 7 grant
1669750665.526000 5 6 grant
1669750665.540000 5 8 6 7
 1669750665.541000 5 7 inquire
1669750665.573000 5 6 inquire1669750665.573000 7 5 release1669750665.574000 6 5 release


 1669750665.575000 8 5 release


1669750665.586000 3 6 grant
1669750665.603000 6 5 request1669750665.603000 7 5 request
 1669750665.605000 8 5 request


1669750665.617000 3 6 inquire
1669750665.634000 6 7 grant
1669750665.650000 6 8 grant
1669750665.664000 6 8 0 7
 1669750665.665000 6 7 inquire
1669750665.682000 6 8 inquire1669750665.682000 8 6 release


1669750665.698000 7 6 release1669750665.698000 0 6 release


1669750665.713000 4 7 grant1669750665.713000 8 6 request


1669750665.729000 0 6 request1669750665.729000 7 8 grant


1669750665.744000 7 6 request
1669750665.760000 7 0 grant1669750665.760000 4 7 inquire


1669750665.776000 7 8 0 11669750665.776000 7 8 inquire


1669750665.792000 7 0 inquire1669750665.792000 8 7 release


1669750665.807000 0 7 release1669750665.807000 5 8 grant1669750665.808000 1 7 release




1669750665.823000 1 7 request1669750665.823000 8 7 request
 1669750665.823000 0 7 request


1669750665.838000 8 0 grant1669750665.838000 5 8 inquire


1669750665.854000 8 1 grant
1669750665.869000 8 0 1 21669750665.870000 8 0 inquire


1669750665.885000 8 1 inquire
1669750665.901000 0 8 release
1669750665.902000 1 8 release 1669750665.901000 2 8 release


1669750665.916000 6 0 grant
 1669750665.917000 2 8 request1669750665.917000 1 8 request1669750665.917000 0 8 request




1669750665.933000 6 0 inquire1669750665.933000 0 1 grant


1669750665.948000 0 2 grant
1669750665.963000 0 1 2 31669750665.964000 0 2 inquire


1669750665.980000 0 1 inquire
1669750665.995000 3 0 release1669750665.996000 2 0 release 1669750665.996000 1 0 release




1669750666.013000 1 0 request1669750666.013000 3 0 request
 1669750666.014000 2 0 request
1669750666.014000 7 1 grant


1669750666.044000 1 3 grant1669750666.044000 7 1 inquire


1669750666.075000 1 2 grant
1669750666.089000 1 2 3 41669750666.090000 1 3 inquire


1669750666.106000 1 2 inquire
1669750666.137000 3 1 release1669750666.137000 4 1 release
 1669750666.138000 2 1 release


1669750666.151000 8 2 grant
1669750666.168000 2 1 request1669750666.168000 4 1 request
 1669750666.169000 3 1 request


1669750666.181000 8 2 inquire
1669750666.198000 2 4 grant
1669750666.213000 2 3 grant
1669750666.227000 2 3 4 51669750666.228000 2 3 inquire


1669750666.244000 2 4 inquire
1669750666.260000 3 2 release
1669750666.277000 4 2 release1669750666.277000 5 2 release1669750666.278000 0 3 grant




1669750666.290000 3 2 request
1669750666.307000 0 3 inquire1669750666.307000 3 5 grant1669750666.307000 4 2 request


 1669750666.309000 5 2 request


1669750666.337000 3 4 grant
1669750666.352000 3 4 5 61669750666.353000 3 4 inquire


1669750666.369000 3 5 inquire
1669750666.384000 5 3 release1669750666.385000 4 3 release
 1669750666.385000 6 3 release


1669750666.400000 1 4 grant1669750666.400000 4 3 request1669750666.401000 5 3 request1669750666.400000 6 3 request






1669750666.415000 1 4 inquire1669750666.416000 4 6 grant


1669750666.431000 4 5 grant
1669750666.446000 4 5 6 7
 1669750666.447000 4 6 inquire
1669750666.464000 4 5 inquire1669750666.464000 5 4 release


1669750666.479000 2 5 grant1669750666.479000 7 4 release
 1669750666.480000 6 4 release


1669750666.494000 5 4 request
1669750666.511000 6 4 request1669750666.511000 7 4 request1669750666.512000 5 7 grant1669750666.513000 2 5 inquire






1669750666.541000 5 6 grant
1669750666.557000 5 8 6 71669750666.557000 5 7 inquire


1669750666.573000 5 6 inquire
1669750666.589000 7 5 release1669750666.589000 6 5 release
 1669750666.590000 8 5 release


1669750666.603000 3 6 grant1669750666.604000 6 5 request


1669750666.618000 7 5 request1669750666.618000 8 5 request


1669750666.632000 3 6 inquire1669750666.632000 6 8 grant


1669750666.649000 6 7 grant
1669750666.664000 6 8 0 7
 1669750666.665000 6 7 inquire
1669750666.681000 6 8 inquire
1669750666.697000 0 6 release1669750666.698000 8 6 release1669750666.698000 7 6 release




1669750666.712000 4 7 grant
1669750666.728000 8 6 request1669750666.729000 0 6 request1669750666.728000 7 6 request




1669750666.744000 4 7 inquire1669750666.744000 7 0 grant


1669750666.759000 7 8 grant
1669750666.774000 7 8 0 1
 1669750666.775000 7 0 inquire
1669750666.791000 7 8 inquire1669750666.791000 8 7 release


1669750666.808000 1 7 release1669750666.808000 0 7 release1669750666.809000 5 8 grant




1669750666.822000 8 7 request
1669750666.838000 1 7 request1669750666.838000 5 8 inquire1669750666.840000 8 0 grant


 1669750666.841000 0 7 request


1669750666.869000 8 1 grant
1669750666.883000 8 0 1 2
 1669750666.885000 8 0 inquire
1669750666.901000 8 1 inquire
1669750666.916000 1 8 release1669750666.916000 2 8 release
 1669750666.917000 0 8 release


1669750666.932000 2 8 request1669750666.932000 6 0 grant


1669750666.948000 1 8 request1669750666.948000 0 8 request


1669750666.963000 0 2 grant1669750666.963000 6 0 inquire


1669750666.994000 0 1 grant
1669750667.007000 0 1 2 3
 1669750667.009000 0 2 inquire
1669750667.025000 0 1 inquire1669750667.025000 1 0 release


1669750667.040000 2 0 release1669750667.041000 7 1 grant1669750667.041000 3 0 release


 1669750667.042000 1 0 request


1669750667.071000 2 0 request1669750667.071000 1 3 grant1669750667.072000 3 0 request


 1669750667.073000 7 1 inquire


1669750667.086000 1 2 grant
1669750667.101000 1 2 3 4
 1669750667.102000 1 3 inquire
1669750667.121000 1 2 inquire
1669750667.134000 4 1 release1669750667.134000 3 1 release
 1669750667.137000 2 1 release


1669750667.151000 4 1 request1669750667.151000 8 2 grant


1669750667.164000 2 1 request1669750667.165000 3 1 request


1669750667.182000 8 2 inquire1669750667.182000 2 4 grant


1669750667.213000 2 3 grant
1669750667.227000 2 3 4 5
 1669750667.229000 2 4 inquire
1669750667.243000 3 2 release
1669750667.257000 4 2 release
 1669750667.261000 5 2 release1669750667.261000 2 3 inquire1669750667.260000 0 3 grant




1669750667.272000 3 2 request
1669750667.290000 3 5 grant1669750667.290000 0 3 inquire1669750667.292000 5 2 request
 1669750667.293000 4 2 request




1669750667.321000 3 4 grant
1669750667.334000 3 4 5 6
 1669750667.336000 3 5 inquire
1669750667.352000 3 4 inquire
1669750667.367000 5 3 release1669750667.367000 6 3 release
 1669750667.369000 4 3 release


1669750667.382000 1 4 grant
1669750667.398000 6 3 request1669750667.398000 5 3 request1669750667.399000 4 3 request




1669750667.413000 1 4 inquire
1669750667.428000 4 6 grant
1669750667.446000 4 5 grant
1669750667.460000 4 5 6 71669750667.461000 4 6 inquire


1669750667.491000 4 5 inquire
1669750667.507000 6 4 release1669750667.507000 7 4 release
 1669750667.508000 5 4 release


1669750667.520000 2 5 grant
1669750667.537000 5 4 request1669750667.537000 6 4 request
 1669750667.538000 7 4 request


1669750667.552000 2 5 inquire
1669750667.567000 5 7 grant
1669750667.584000 5 6 grant
1669750667.598000 5 8 6 7
 1669750667.600000 5 6 inquire
1669750667.631000 7 5 release1669750667.631000 6 5 release 


1669750667.633000 8 5 release
1669750667.635000 5 7 inquire
1669750667.645000 3 6 grant
1669750667.662000 8 5 request1669750667.662000 6 5 request1669750667.663000 7 5 request




1669750667.676000 3 6 inquire
1669750667.693000 6 7 grant
1669750667.708000 6 8 grant
1669750667.723000 6 8 0 71669750667.724000 6 7 inquire


1669750667.740000 6 8 inquire1669750667.740000 8 6 release


1669750667.755000 7 6 release1669750667.755000 0 6 release


1669750667.771000 4 7 grant
1669750667.786000 8 6 request1669750667.786000 0 6 request
 1669750667.788000 7 8 grant


1669750667.817000 7 0 grant
1669750667.830000 7 8 0 11669750667.833000 7 6 request


1669750667.849000 4 7 inquire
1669750667.864000 7 0 inquire1669750667.865000 8 7 release


1669750667.880000 5 8 grant1669750667.880000 0 7 release1669750667.881000 1 7 release




1669750667.894000 8 7 request1669750667.894000 7 8 inquire


1669750667.911000 1 7 request1669750667.911000 5 8 inquire1669750667.912000 0 7 request




1669750667.925000 8 0 grant
1669750667.942000 8 1 grant
1669750667.955000 8 0 1 2
 1669750667.957000 8 0 inquire
1669750667.989000 0 8 release1669750667.989000 1 8 release
 1669750667.990000 2 8 release
1669750667.990000 8 1 inquire


1669750668.002000 6 0 grant
1669750668.019000 1 8 request1669750668.019000 0 8 request1669750668.020000 2 8 request




1669750668.033000 6 0 inquire
1669750668.050000 0 1 grant
1669750668.065000 0 2 grant
1669750668.078000 0 1 2 3
 1669750668.081000 0 2 inquire
1669750668.097000 0 1 inquire1669750668.098000 1 0 release


1669750668.112000 7 1 grant1669750668.113000 3 0 release
 1669750668.114000 2 0 release


1669750668.127000 1 0 request
1669750668.144000 1 3 grant1669750668.144000 7 1 inquire1669750668.145000 2 0 request1669750668.144000 3 0 request






1669750668.173000 1 2 grant
1669750668.188000 1 2 3 4
 1669750668.189000 1 3 inquire
1669750668.206000 2 1 release
1669750668.222000 8 2 grant1669750668.222000 1 2 inquire
 1669750668.223000 4 1 release
1669750668.223000 3 1 release


1669750668.235000 2 1 request
1669750668.250000 3 1 request1669750668.250000 8 2 inquire1669750668.251000 2 3 grant1669750668.251000 4 1 request






1669750668.265000 2 4 grant
1669750668.280000 2 3 4 51669750668.282000 2 4 inquire


1669750668.298000 2 3 inquire1669750668.298000 3 2 release


1669750668.313000 5 2 release1669750668.313000 4 2 release1669750668.313000 0 3 grant




1669750668.328000 5 2 request1669750668.328000 3 2 request1669750668.328000 4 2 request




1669750668.343000 3 4 grant1669750668.343000 0 3 inquire


1669750668.359000 3 5 grant
1669750668.373000 3 4 5 6
 1669750668.375000 3 4 inquire
1669750668.391000 3 5 inquire1669750668.391000 4 3 release


1669750668.407000 5 3 release1669750668.407000 1 4 grant
 1669750668.409000 6 3 release


1669750668.422000 4 3 request
1669750668.439000 6 3 request1669750668.439000 4 5 grant1669750668.439000 1 4 inquire1669750668.440000 5 3 request






1669750668.469000 4 6 grant
1669750668.484000 4 5 6 71669750668.487000 4 5 inquire


1669750668.501000 5 4 release
1669750668.517000 2 5 grant1669750668.517000 4 6 inquire
 1669750668.518000 7 4 release


 1669750668.519000 6 4 release
1669750668.530000 5 4 request
1669750668.547000 6 4 request1669750668.547000 5 7 grant1669750668.548000 2 5 inquire1669750668.549000 7 4 request






1669750668.579000 5 6 grant
1669750668.591000 5 8 6 7
1669750668.610000 5 7 inquire1669750668.610000 8 5 release


1669750668.622000 7 5 release1669750668.623000 6 5 release


1669750668.640000 6 8 grant1669750668.640000 3 6 grant
 1669750668.641000 8 5 request
1669750668.641000 5 6 inquire


1669750668.655000 7 5 request
1669750668.671000 6 7 grant
1669750668.684000 6 8 0 71669750668.686000 6 5 request


1669750668.701000 3 6 inquire
1669750668.717000 6 8 inquire
1669750668.732000 6 7 inquire1669750668.733000 0 6 release1669750668.732000 7 6 release


 1669750668.734000 8 6 release


1669750668.747000 4 7 grant
1669750668.764000 0 6 request1669750668.764000 8 6 request
 1669750668.765000 7 6 request


1669750668.779000 4 7 inquire
1669750668.794000 7 0 grant
1669750668.810000 7 8 grant
1669750668.823000 7 8 0 11669750668.824000 7 8 inquire


1669750668.840000 7 0 inquire
1669750668.856000 1 7 release1669750668.856000 0 7 release1669750668.857000 8 7 release




1669750668.871000 5 8 grant
1669750668.886000 0 7 request1669750668.886000 8 7 request
 1669750668.888000 1 7 request


1669750668.903000 8 0 grant1669750668.903000 5 8 inquire


1669750668.934000 8 1 grant
1669750668.947000 8 0 1 2
 1669750668.950000 8 1 inquire
1669750668.982000 2 8 release1669750668.982000 1 8 release
 1669750668.983000 8 0 inquire
1669750668.983000 0 8 release


1669750668.994000 6 0 grant
1669750669.012000 2 8 request1669750669.012000 0 8 request
 1669750669.013000 1 8 request


1669750669.027000 6 0 inquire
1669750669.041000 0 2 grant
1669750669.057000 0 1 grant
1669750669.071000 0 1 2 31669750669.072000 0 1 inquire


1669750669.089000 0 2 inquire1669750669.090000 1 0 release


1669750669.103000 2 0 release1669750669.103000 3 0 release
 1669750669.105000 7 1 grant


1669750669.119000 1 3 grant
1669750669.133000 3 0 request1669750669.133000 2 0 request


1669750669.149000 1 2 grant
1669750669.163000 1 2 3 41669750669.164000 1 0 request


1669750669.179000 7 1 inquire
1669750669.194000 1 2 inquire
1669750669.210000 3 1 release1669750669.210000 1 3 inquire 
1669750669.211000 2 1 release
1669750669.211000 4 1 release


1669750669.226000 8 2 grant1669750669.226000 2 1 request
 1669750669.227000 3 1 request
1669750669.227000 4 1 request


1669750669.244000 2 3 grant1669750669.245000 8 2 inquire


1669750669.258000 2 4 grant
1669750669.273000 2 3 4 5
 1669750669.274000 2 4 inquire
1669750669.290000 2 3 inquire1669750669.290000 3 2 release


1669750669.306000 0 3 grant1669750669.306000 5 2 release1669750669.306000 4 2 release




1669750669.321000 4 2 request1669750669.321000 5 2 request1669750669.321000 3 2 request




1669750669.336000 0 3 inquire1669750669.336000 3 5 grant


1669750669.352000 3 4 grant
1669750669.367000 3 4 5 61669750669.367000 3 5 inquire


1669750669.383000 3 4 inquire
1669750669.400000 6 3 release1669750669.400000 5 3 release 1669750669.400000 4 3 release




1669750669.415000 5 3 request1669750669.415000 4 3 request1669750669.415000 6 3 request


 1669750669.416000 1 4 grant


1669750669.431000 4 5 grant1669750669.431000 1 4 inquire


1669750669.447000 4 6 grant
1669750669.462000 4 5 6 7
 1669750669.462000 4 6 inquire
1669750669.477000 4 5 inquire
1669750669.494000 6 4 release1669750669.494000 7 4 release
 1669750669.494000 5 4 release


1669750669.509000 6 4 request1669750669.509000 5 4 request1669750669.510000 2 5 grant1669750669.510000 7 4 request






1669750669.528000 5 7 grant1669750669.528000 2 5 inquire


1669750669.542000 5 6 grant
1669750669.556000 5 8 6 7
 1669750669.558000 5 7 inquire
1669750669.575000 5 6 inquire
1669750669.590000 6 5 release1669750669.590000 7 5 release
 1669750669.592000 8 5 release


1669750669.605000 6 5 request1669750669.605000 3 6 grant


1669750669.622000 7 5 request1669750669.622000 8 5 request
 1669750669.623000 3 6 inquire
1669750669.623000 6 8 grant


1669750669.652000 6 7 grant
1669750669.665000 6 8 0 71669750669.667000 6 7 inquire


1669750669.697000 6 8 inquire
1669750669.712000 8 6 release1669750669.712000 7 6 release1669750669.712000 0 6 release




1669750669.726000 7 6 request1669750669.726000 8 6 request1669750669.726000 0 6 request


 1669750669.726000 4 7 grant


1669750669.741000 7 8 grant1669750669.741000 4 7 inquire


1669750669.759000 7 0 grant
1669750669.773000 7 8 0 1
 1669750669.774000 7 0 inquire
1669750669.792000 7 8 inquire1669750669.792000 8 7 release


1669750669.806000 0 7 release1669750669.807000 1 7 release1669750669.807000 5 8 grant




1669750669.821000 8 7 request
1669750669.837000 5 8 inquire1669750669.838000 8 1 grant1669750669.838000 1 7 request


 1669750669.840000 0 7 request


1669750669.867000 8 0 grant
1669750669.881000 8 0 1 2
1669750669.884000 8 1 inquire
1669750669.899000 8 0 inquire1669750669.899000 0 8 release


1669750669.914000 1 8 release1669750669.915000 6 0 grant1669750669.915000 2 8 release


 1669750669.916000 0 8 request


1669750669.930000 6 0 inquire1669750669.930000 2 8 request1669750669.931000 0 1 grant


 1669750669.931000 1 8 request


1669750669.946000 0 2 grant
1669750669.961000 0 1 2 3
 1669750669.962000 0 2 inquire
1669750669.977000 0 1 inquire
1669750669.993000 2 0 release1669750669.993000 1 0 release
 1669750669.994000 3 0 release


1669750670.008000 7 1 grant1669750670.009000 3 0 request1669750670.009000 2 0 request1669750670.009000 1 0 request






1669750670.023000 7 1 inquire1669750670.023000 1 3 grant


1669750670.041000 1 2 grant
1669750670.057000 1 2 3 41669750670.057000 1 3 inquire


1669750670.086000 1 2 inquire
1669750670.102000 4 1 release1669750670.102000 3 1 release


 1669750670.102000 2 1 release
1669750670.117000 2 1 request1669750670.117000 3 1 request1669750670.118000 4 1 request1669750670.118000 8 2 grant






1669750670.131000 8 2 inquire
1669750670.148000 2 3 grant
1669750670.162000 2 4 grant
1669750670.177000 2 3 4 51669750670.178000 2 3 inquire


1669750670.193000 2 4 inquire
1669750670.209000 5 2 release1669750670.209000 4 2 release
 1669750670.210000 3 2 release


1669750670.225000 4 2 request1669750670.225000 3 2 request1669750670.226000 5 2 request


 1669750670.226000 0 3 grant


1669750670.240000 3 4 grant1669750670.240000 0 3 inquire


1669750670.257000 3 5 grant
1669750670.272000 3 4 5 6
 1669750670.273000 3 5 inquire
1669750670.288000 3 4 inquire
1669750670.304000 5 3 release1669750670.304000 6 3 release
 1669750670.306000 4 3 release


1669750670.318000 1 4 grant
1669750670.334000 4 3 request1669750670.334000 6 3 request
 1669750670.335000 5 3 request


1669750670.351000 1 4 inquire1669750670.351000 4 6 grant


1669750670.364000 4 5 grant
1669750670.380000 4 5 6 7
 1669750670.381000 4 6 inquire
1669750670.397000 4 5 inquire
1669750670.413000 5 4 release1669750670.413000 6 4 release
 1669750670.414000 7 4 release


1669750670.426000 2 5 grant1669750670.427000 6 4 request


1669750670.442000 7 4 request1669750670.442000 5 4 request


1669750670.457000 5 6 grant
1669750670.458000 2 5 inquire
1669750670.476000 5 7 grant
1669750670.489000 5 8 6 71669750670.491000 5 6 inquire


1669750670.522000 5 7 inquire
1669750670.539000 6 5 release1669750670.540000 7 5 release1669750670.540000 8 5 release




1669750670.552000 3 6 grant
1669750670.569000 6 5 request1669750670.569000 8 5 request1669750670.570000 7 5 request




1669750670.582000 3 6 inquire
1669750670.598000 6 8 grant
1669750670.614000 6 7 grant
1669750670.627000 6 8 0 71669750670.630000 6 7 inquire


1669750670.660000 6 8 inquire
1669750670.677000 0 6 release1669750670.677000 8 6 release
 1669750670.679000 7 6 release


1669750670.691000 4 7 grant
1669750670.708000 7 6 request1669750670.708000 0 6 request
 1669750670.709000 8 6 request


1669750670.722000 4 7 inquire
1669750670.739000 7 8 grant
1669750670.752000 7 0 grant
1669750670.766000 7 8 0 1
 1669750670.769000 7 0 inquire
1669750670.798000 0 7 release1669750670.799000 1 7 release1669750670.799000 7 8 inquire


 1669750670.799000 8 7 release


1669750670.814000 5 8 grant1669750670.814000 1 7 request
 1669750670.814000 8 7 request


 1669750670.815000 0 7 request
1669750670.828000 5 8 inquire1669750670.829000 8 0 grant


1669750670.845000 8 1 grant
1669750670.860000 8 0 1 2
 1669750670.860000 8 1 inquire
1669750670.877000 8 0 inquire1669750670.878000 0 8 release


1669750670.893000 1 8 release1669750670.893000 2 8 release1669750670.893000 6 0 grant




1669750670.908000 2 8 request1669750670.908000 1 8 request1669750670.909000 0 8 request




1669750670.923000 0 1 grant1669750670.923000 6 0 inquire


1669750670.940000 0 2 grant
1669750670.954000 0 1 2 31669750670.955000 0 1 inquire


1669750670.971000 0 2 inquire
1669750670.987000 2 0 release1669750670.987000 1 0 release1669750670.987000 3 0 release




1669750671.001000 3 0 request1669750671.002000 7 1 grant1669750671.002000 2 0 request


 1669750671.002000 1 0 request


1669750671.017000 1 3 grant1669750671.018000 7 1 inquire


1669750671.031000 1 2 grant
1669750671.047000 1 2 3 41669750671.048000 1 2 inquire


1669750671.064000 2 1 release1669750671.064000 1 3 inquire


1669750671.079000 3 1 release1669750671.079000 4 1 release
 1669750671.079000 8 2 grant


1669750671.095000 4 1 request1669750671.095000 2 1 request
 1669750671.096000 3 1 request


1669750671.111000 8 2 inquire1669750671.111000 2 4 grant


1669750671.126000 2 3 grant
1669750671.140000 2 3 4 5
 1669750671.141000 2 3 inquire
1669750671.158000 2 4 inquire1669750671.158000 3 2 release


1669750671.175000 4 2 release1669750671.176000 0 3 grant1669750671.177000 5 2 release




1669750671.190000 3 2 request
1669750671.206000 5 2 request1669750671.207000 4 2 request1669750671.208000 3 5 grant


 1669750671.209000 0 3 inquire


1669750671.238000 3 4 grant
1669750671.250000 3 4 5 6
 1669750671.251000 3 4 inquire
1669750671.266000 3 5 inquire
1669750671.284000 6 3 release1669750671.284000 5 3 release1669750671.284000 4 3 release




1669750671.299000 4 3 request1669750671.299000 6 3 request1669750671.300000 5 3 request1669750671.300000 1 4 grant






1669750671.315000 1 4 inquire
1669750671.329000 4 5 grant
1669750671.345000 4 6 grant
1669750671.359000 4 5 6 7
 1669750671.360000 4 6 inquire
1669750671.377000 4 5 inquire
1669750671.391000 7 4 release1669750671.391000 6 4 release
 1669750671.392000 5 4 release


1669750671.406000 2 5 grant
1669750671.407000 6 4 request 1669750671.407000 7 4 request
1669750671.407000 5 4 request


1669750671.423000 2 5 inquire1669750671.423000 5 7 grant


1669750671.440000 5 6 grant
1669750671.454000 5 8 6 7
 1669750671.456000 5 6 inquire
1669750671.471000 5 7 inquire1669750671.471000 8 5 release


1669750671.486000 7 5 release1669750671.486000 6 5 release


1669750671.503000 6 8 grant1669750671.503000 7 5 request
 1669750671.504000 3 6 grant
1669750671.504000 8 5 request


1669750671.534000 6 5 request
1669750671.550000 6 7 grant1669750671.550000 3 6 inquire


1669750671.563000 6 8 0 7
 1669750671.565000 6 7 inquire
1669750671.580000 6 8 inquire
1669750671.596000 8 6 release1669750671.596000 0 6 release
 1669750671.597000 7 6 release


1669750671.615000 4 7 grant1669750671.615000 8 6 request1669750671.616000 7 6 request


 1669750671.617000 0 6 request


1669750671.645000 4 7 inquire1669750671.645000 7 0 grant


1669750671.676000 7 8 grant
1669750671.690000 7 8 0 1
 1669750671.691000 7 8 inquire
1669750671.723000 7 0 inquire1669750671.723000 1 7 release1669750671.724000 0 7 release


 1669750671.725000 8 7 release


1669750671.738000 5 8 grant
1669750671.755000 1 7 request1669750671.755000 8 7 request
 1669750671.756000 0 7 request


1669750671.769000 5 8 inquire
1669750671.785000 8 0 grant
1669750671.801000 8 1 grant
1669750671.814000 8 0 1 2
 1669750671.816000 8 0 inquire
1669750671.832000 0 8 release
1669750671.848000 1 8 release1669750671.849000 6 0 grant
 1669750671.850000 2 8 release
1669750671.850000 8 1 inquire


1669750671.862000 0 8 request
1669750671.880000 0 1 grant1669750671.880000 2 8 request1669750671.881000 6 0 inquire1669750671.882000 1 8 request






1669750671.910000 0 2 grant
1669750671.924000 0 1 2 31669750671.926000 0 1 inquire


1669750671.943000 0 2 inquire
1669750671.957000 3 0 release1669750671.957000 1 0 release1669750671.958000 2 0 release




1669750671.972000 7 1 grant
1669750671.988000 3 0 request1669750671.988000 2 0 request
 1669750671.989000 1 0 request


1669750672.003000 7 1 inquire
1669750672.019000 1 2 grant
1669750672.034000 1 3 grant
1669750672.047000 1 2 3 4
1669750672.050000 1 2 inquire
1669750672.067000 2 1 release1669750672.067000 1 3 inquire


1669750672.082000 3 1 release1669750672.082000 4 1 release1669750672.083000 8 2 grant




1669750672.098000 2 4 grant
1669750672.111000 3 1 request1669750672.111000 4 1 request


1669750672.127000 2 3 grant
1669750672.140000 2 3 4 51669750672.142000 2 1 request


1669750672.158000 2 3 inquire1669750672.159000 8 2 inquire


1669750672.174000 3 2 release1669750672.174000 2 4 inquire
 1669750672.175000 5 2 release
1669750672.175000 4 2 release


1669750672.188000 0 3 grant
1669750672.207000 3 2 request1669750672.207000 5 2 request1669750672.208000 4 2 request




1669750672.220000 0 3 inquire
1669750672.237000 3 4 grant
1669750672.252000 3 5 grant
1669750672.266000 3 4 5 6
 1669750672.267000 3 4 inquire
1669750672.299000 6 3 release1669750672.299000 3 5 inquire
 1669750672.301000 5 3 release


 1669750672.301000 4 3 release
1669750672.313000 1 4 grant
1669750672.331000 4 3 request1669750672.331000 5 3 request1669750672.332000 6 3 request




1669750672.345000 1 4 inquire
1669750672.360000 4 6 grant
1669750672.375000 4 5 grant
1669750672.390000 4 5 6 7
 1669750672.391000 4 6 inquire
1669750672.408000 4 5 inquire
1669750672.423000 7 4 release1669750672.423000 5 4 release1669750672.424000 6 4 release




1669750672.438000 7 4 request1669750672.438000 5 4 request1669750672.438000 6 4 request


 1669750672.439000 2 5 grant


1669750672.454000 2 5 inquire1669750672.454000 5 6 grant


1669750672.471000 5 7 grant
1669750672.484000 5 8 6 7
1669750672.488000 5 6 inquire
1669750672.504000 5 7 inquire
1669750672.519000 7 5 release1669750672.519000 6 5 release
 1669750672.521000 8 5 release


1669750672.533000 3 6 grant
1669750672.550000 6 5 request1669750672.551000 8 5 request
 1669750672.552000 7 5 request


1669750672.565000 3 6 inquire
1669750672.582000 6 7 grant
1669750672.596000 6 8 grant
1669750672.612000 6 8 0 71669750672.613000 6 8 inquire


1669750672.628000 6 7 inquire
1669750672.660000 7 6 release1669750672.660000 0 6 release
 1669750672.662000 8 6 release


1669750672.674000 4 7 grant
1669750672.692000 0 6 request1669750672.692000 7 6 request1669750672.693000 8 6 request




1669750672.706000 4 7 inquire
1669750672.722000 7 0 grant
1669750672.738000 7 8 grant
1669750672.753000 7 8 0 11669750672.753000 7 8 inquire


1669750672.769000 7 0 inquire
1669750672.801000 1 7 release1669750672.801000 8 7 release1669750672.802000 0 7 release




1669750672.815000 5 8 grant
1669750672.831000 1 7 request1669750672.831000 8 7 request1669750672.832000 0 7 request




1669750672.846000 5 8 inquire
1669750672.862000 8 0 grant
1669750672.878000 8 1 grant
1669750672.892000 8 0 inquire1669750672.890000 8 0 1 2


1669750672.925000 1 8 release1669750672.925000 8 1 inquire1669750672.926000 0 8 release1669750672.927000 2 8 release






1669750672.938000 6 0 grant
1669750672.954000 0 8 request1669750672.954000 1 8 request
 1669750672.955000 2 8 request


1669750672.970000 6 0 inquire
1669750672.986000 0 2 grant
1669750673.002000 0 1 grant
1669750673.016000 0 1 2 3
 1669750673.019000 0 1 inquire
1669750673.033000 1 0 release
1669750673.049000 7 1 grant1669750673.049000 2 0 release1669750673.050000 0 2 inquire


 1669750673.051000 3 0 release


1669750673.063000 1 0 request
1669750673.079000 2 0 request1669750673.080000 7 1 inquire1669750673.080000 1 2 grant1669750673.081000 3 0 request






1669750673.111000 1 3 grant
1669750673.125000 1 2 3 4
 1669750673.127000 1 3 inquire
1669750673.158000 1 2 inquire1669750673.159000 4 1 release
 1669750673.160000 2 1 release
1669750673.160000 3 1 release


1669750673.171000 8 2 grant
1669750673.190000 3 1 request1669750673.190000 2 1 request1669750673.191000 4 1 request




1669750673.201000 8 2 inquire
1669750673.220000 2 4 grant
1669750673.234000 2 3 grant
1669750673.250000 2 3 4 5
 1669750673.251000 2 4 inquire
1669750673.266000 2 3 inquire
1669750673.283000 4 2 release1669750673.284000 5 2 release
 1669750673.284000 3 2 release


1669750673.298000 0 3 grant
1669750673.314000 5 2 request1669750673.315000 3 2 request1669750673.315000 4 2 request




1669750673.329000 0 3 inquire
1669750673.345000 3 5 grant
1669750673.360000 3 4 grant
1669750673.375000 3 4 5 6
 1669750673.376000 3 5 inquire
1669750673.392000 3 4 inquire
1669750673.408000 5 3 release1669750673.408000 6 3 release
 1669750673.409000 4 3 release


1669750673.422000 1 4 grant
1669750673.437000 5 3 request1669750673.437000 6 3 request
 1669750673.438000 4 3 request


1669750673.452000 1 4 inquire1669750673.452000 4 6 grant


1669750673.467000 4 5 grant
1669750673.481000 4 6 inquire1669750673.481000 4 5 6 7


1669750673.499000 4 5 inquire
1669750673.515000 6 4 release1669750673.515000 7 4 release1669750673.515000 5 4 release




1669750673.532000 5 4 request1669750673.532000 6 4 request1669750673.534000 7 4 request


 1669750673.535000 2 5 grant


1669750673.563000 2 5 inquire1669750673.564000 5 6 grant


1669750673.594000 5 7 grant
1669750673.607000 5 8 6 71669750673.609000 5 7 inquire


1669750673.625000 5 6 inquire
1669750673.656000 7 5 release1669750673.656000 6 5 release
 1669750673.658000 8 5 release


1669750673.672000 3 6 grant
1669750673.687000 8 5 request1669750673.688000 6 5 request
 1669750673.689000 7 5 request


1669750673.703000 3 6 inquire
1669750673.718000 6 7 grant
1669750673.734000 6 8 grant
1669750673.749000 6 8 0 71669750673.750000 6 7 inquire


1669750673.781000 6 8 inquire
1669750673.797000 7 6 release1669750673.797000 0 6 release
 1669750673.798000 8 6 release


1669750673.811000 4 7 grant
1669750673.828000 8 6 request1669750673.828000 0 6 request1669750673.829000 7 6 request




1669750673.841000 4 7 inquire
1669750673.857000 7 0 grant
1669750673.873000 7 8 grant
1669750673.886000 7 8 0 11669750673.888000 7 0 inquire


1669750673.904000 7 8 inquire
1669750673.936000 0 7 release1669750673.936000 1 7 release 1669750673.937000 8 7 release




1669750673.949000 5 8 grant
1669750673.968000 1 7 request1669750673.968000 8 7 request
 1669750673.969000 0 7 request


1669750673.981000 5 8 inquire
1669750673.998000 8 0 grant
1669750674.014000 8 1 grant
1669750674.026000 8 0 1 2
 1669750674.030000 8 0 inquire
1669750674.060000 0 8 release1669750674.060000 1 8 release 1669750674.062000 2 8 release


1669750674.062000 8 1 inquire


1669750674.075000 6 0 grant
1669750674.092000 2 8 request1669750674.092000 1 8 request1669750674.093000 0 8 request




1669750674.107000 6 0 inquire
1669750674.123000 0 1 grant
1669750674.138000 0 2 grant
1669750674.151000 0 1 2 31669750674.154000 0 1 inquire


1669750674.169000 0 2 inquire1669750674.169000 1 0 release


1669750674.184000 7 1 grant1669750674.184000 3 0 release1669750674.185000 2 0 release




1669750674.200000 2 0 request1669750674.200000 3 0 request1669750674.201000 1 0 request




1669750674.216000 7 1 inquire1669750674.216000 1 2 grant


1669750674.232000 1 3 grant
1669750674.248000 1 2 3 41669750674.248000 1 3 inquire


1669750674.263000 1 2 inquire1669750674.263000 2 1 release


1669750674.281000 4 1 release1669750674.282000 3 1 release
 1669750674.283000 2 1 request
1669750674.283000 8 2 grant


1669750674.314000 2 4 grant1669750674.314000 8 2 inquire
 1669750674.315000 3 1 request
1669750674.315000 4 1 request


1669750674.344000 2 3 grant
1669750674.357000 2 3 4 51669750674.359000 2 4 inquire


1669750674.390000 2 3 inquire1669750674.391000 3 2 release


1669750674.406000 0 3 grant1669750674.406000 4 2 release1669750674.407000 5 2 release




1669750674.420000 3 2 request
1669750674.437000 5 2 request1669750674.437000 4 2 request
 1669750674.438000 0 3 inquire
1669750674.438000 3 5 grant


1669750674.467000 3 4 grant
1669750674.480000 3 4 5 61669750674.482000 3 5 inquire


1669750674.515000 3 4 inquire1669750674.516000 4 3 release


1669750674.530000 6 3 release1669750674.530000 5 3 release1669750674.531000 1 4 grant




1669750674.545000 4 3 request
1669750674.561000 4 5 grant1669750674.561000 6 3 request1669750674.563000 5 3 request


 1669750674.564000 1 4 inquire


1669750674.593000 4 6 grant
1669750674.606000 4 5 6 7
 1669750674.608000 4 5 inquire
1669750674.639000 4 6 inquire1669750674.639000 6 4 release1669750674.640000 7 4 release


 1669750674.642000 5 4 release


1669750674.653000 2 5 grant
1669750674.671000 5 4 request1669750674.671000 7 4 request1669750674.672000 6 4 request




1669750674.684000 2 5 inquire
1669750674.701000 5 7 grant
1669750674.716000 5 6 grant
1669750674.732000 5 8 6 71669750674.732000 5 6 inquire


1669750674.748000 5 7 inquire
1669750674.763000 7 5 release1669750674.763000 8 5 release
 1669750674.764000 6 5 release


1669750674.778000 8 5 request1669750674.778000 3 6 grant
 1669750674.779000 6 5 request


1669750674.793000 6 8 grant1669750674.793000 3 6 inquire1669750674.793000 7 5 request




1669750674.808000 6 7 grant
1669750674.823000 6 8 0 71669750674.824000 6 8 inquire


1669750674.842000 6 7 inquire1669750674.842000 8 6 release


1669750674.859000 0 6 release1669750674.859000 7 6 release


1669750674.874000 4 7 grant1669750674.874000 8 6 request


1669750674.888000 0 6 request1669750674.888000 7 8 grant


1669750674.906000 7 6 request
1669750674.920000 4 7 inquire
1669750674.937000 7 0 grant
1669750674.950000 7 8 0 1
1669750674.967000 7 8 inquire
1669750674.982000 7 0 inquire
 1669750674.983000 1 7 release1669750674.983000 0 7 release1669750674.985000 8 7 release




1669750674.997000 5 8 grant
1669750675.015000 8 7 request1669750675.015000 1 7 request1669750675.016000 0 7 request




1669750675.030000 5 8 inquire
1669750675.045000 8 1 grant
1669750675.076000 8 0 grant
1669750675.089000 8 0 1 2
1669750675.106000 8 0 inquire
1669750675.122000 2 8 release1669750675.122000 1 8 release
 1669750675.123000 0 8 release


1669750675.136000 8 1 inquire1669750675.136000 6 0 grant


1669750675.154000 2 8 request1669750675.154000 0 8 request
 1669750675.155000 1 8 request


1669750675.167000 6 0 inquire
1669750675.185000 0 1 grant
1669750675.200000 0 2 grant
1669750675.214000 0 1 2 3
 1669750675.216000 0 1 inquire
1669750675.231000 0 2 inquire
1669750675.248000 2 0 release1669750675.248000 3 0 release


 1669750675.251000 1 0 release
1669750675.262000 7 1 grant
1669750675.279000 1 0 request1669750675.279000 2 0 request
 1669750675.280000 3 0 request


1669750675.295000 7 1 inquire
1669750675.311000 1 2 grant
1669750675.326000 1 3 grant
1669750675.340000 1 2 3 41669750675.341000 1 2 inquire


1669750675.373000 1 3 inquire1669750675.374000 2 1 release


1669750675.388000 8 2 grant1669750675.388000 4 1 release1669750675.389000 3 1 release




1669750675.403000 2 1 request
1669750675.420000 4 1 request1669750675.420000 8 2 inquire1669750675.421000 3 1 request
 1669750675.422000 2 4 grant




1669750675.450000 2 3 grant
1669750675.464000 2 3 4 5
 1669750675.466000 2 3 inquire
1669750675.497000 4 2 release1669750675.498000 2 4 inquire1669750675.499000 5 2 release
 1669750675.500000 3 2 release




1669750675.510000 0 3 grant
1669750675.527000 4 2 request1669750675.527000 3 2 request1669750675.528000 5 2 request




1669750675.542000 0 3 inquire1669750675.542000 3 5 grant


1669750675.557000 3 4 grant
1669750675.573000 3 4 5 6
 1669750675.573000 3 5 inquire
1669750675.592000 3 4 inquire1669750675.593000 4 3 release


1669750675.607000 5 3 release1669750675.607000 1 4 grant
 1669750675.608000 6 3 release


1669750675.622000 4 3 request
1669750675.639000 6 3 request1669750675.639000 4 6 grant1669750675.640000 1 4 inquire
 1669750675.641000 5 3 request




1669750675.668000 4 5 grant
1669750675.682000 4 5 6 7
 1669750675.684000 4 6 inquire
1669750675.700000 4 5 inquire1669750675.700000 5 4 release


1669750675.716000 2 5 grant1669750675.716000 6 4 release1669750675.716000 7 4 release




 1669750675.718000 5 4 request
1669750675.729000 7 4 request
 1669750675.731000 2 5 inquire1669750675.731000 6 4 request


1669750675.747000 5 6 grant
1669750675.763000 5 7 grant
1669750675.778000 5 8 6 71669750675.778000 5 7 inquire


1669750675.794000 5 6 inquire1669750675.795000 8 5 release


1669750675.809000 6 5 release1669750675.810000 7 5 release


1669750675.826000 3 6 grant1669750675.826000 8 5 request1669750675.827000 7 5 request


 1669750675.828000 6 8 grant


1669750675.856000 6 5 request
1669750675.872000 6 7 grant1669750675.872000 3 6 inquire


1669750675.887000 6 8 0 7
 1669750675.888000 6 7 inquire
1669750675.905000 6 8 inquire1669750675.906000 8 6 release


1669750675.921000 0 6 release1669750675.921000 7 6 release


1669750675.936000 7 8 grant1669750675.936000 4 7 grant1669750675.937000 8 6 request1669750675.938000 0 6 request






1669750675.966000 7 6 request
1669750675.982000 4 7 inquire1669750675.982000 7 0 grant


1669750675.996000 7 0 inquire1669750675.996000 7 8 0 1


1669750676.014000 7 8 inquire1669750676.014000 8 7 release


1669750676.029000 5 8 grant1669750676.029000 1 7 release1669750676.029000 0 7 release




1669750676.045000 1 7 request1669750676.045000 8 7 request
 1669750676.045000 0 7 request


1669750676.059000 5 8 inquire1669750676.060000 8 1 grant


1669750676.075000 8 0 grant
1669750676.090000 8 0 inquire
 1669750676.090000 8 0 1 2
1669750676.108000 0 8 release1669750676.108000 8 1 inquire


1669750676.124000 2 8 release1669750676.125000 6 0 grant
 1669750676.126000 1 8 release
1669750676.125000 0 8 request


1669750676.153000 1 8 request1669750676.153000 0 2 grant1669750676.154000 6 0 inquire1669750676.154000 2 8 request






1669750676.170000 0 1 grant
1669750676.185000 0 1 2 3
 1669750676.185000 0 2 inquire
1669750676.203000 0 1 inquire1669750676.203000 1 0 release


1669750676.217000 3 0 release1669750676.217000 2 0 release
 1669750676.218000 1 0 request
1669750676.218000 7 1 grant


1669750676.235000 2 0 request1669750676.235000 1 2 grant1669750676.236000 7 1 inquire1669750676.237000 3 0 request






1669750676.265000 1 3 grant
1669750676.279000 1 2 3 4
 1669750676.281000 1 3 inquire
1669750676.296000 1 2 inquire
1669750676.312000 2 1 release1669750676.312000 4 1 release 1669750676.313000 3 1 release




1669750676.330000 4 1 request1669750676.330000 3 1 request1669750676.331000 2 1 request


 1669750676.332000 8 2 grant


1669750676.360000 2 3 grant1669750676.360000 8 2 inquire


1669750676.391000 2 4 grant
1669750676.406000 2 3 4 51669750676.407000 2 3 inquire


1669750676.421000 2 4 inquire
1669750676.454000 4 2 release1669750676.454000 5 2 release
 1669750676.456000 3 2 release


1669750676.469000 0 3 grant
1669750676.485000 5 2 request1669750676.485000 4 2 request
 1669750676.486000 3 2 request


1669750676.499000 0 3 inquire
1669750676.515000 3 4 grant
1669750676.531000 3 5 grant
1669750676.545000 3 4 5 61669750676.547000 3 4 inquire


1669750676.577000 3 5 inquire
1669750676.593000 6 3 release1669750676.593000 5 3 release
 1669750676.595000 4 3 release


1669750676.607000 1 4 grant
1669750676.623000 6 3 request1669750676.623000 4 3 request
 1669750676.624000 5 3 request


1669750676.639000 1 4 inquire1669750676.639000 4 5 grant


1669750676.670000 4 6 grant
1669750676.684000 4 5 6 7
 1669750676.686000 4 5 inquire
1669750676.718000 6 4 release1669750676.718000 4 6 inquire1669750676.719000 7 4 release


 1669750676.720000 5 4 release


1669750676.731000 2 5 grant
1669750676.749000 7 4 request1669750676.749000 6 4 request1669750676.750000 5 4 request




1669750676.762000 2 5 inquire
1669750676.779000 5 7 grant
1669750676.795000 5 6 grant
1669750676.807000 5 8 6 7
1669750676.825000 5 6 inquire1669750676.826000 8 5 release


1669750676.841000 7 5 release1669750676.841000 6 5 release


1669750676.856000 3 6 grant1669750676.856000 8 5 request
 1669750676.857000 5 7 inquire


1669750676.871000 6 8 grant1669750676.871000 7 5 request


1669750676.902000 6 5 request
1669750676.918000 3 6 inquire1669750676.918000 6 7 grant


1669750676.931000 6 8 0 7
1669750676.948000 6 8 inquire
1669750676.964000 0 6 release1669750676.965000 7 6 release1669750676.966000 6 7 inquire 1669750676.967000 8 6 release






1669750676.979000 4 7 grant
1669750676.996000 0 6 request1669750676.996000 7 6 request
 1669750676.997000 8 6 request


1669750677.010000 4 7 inquire
1669750677.026000 7 8 grant
1669750677.042000 7 0 grant
1669750677.056000 7 8 0 11669750677.057000 7 8 inquire


1669750677.073000 7 0 inquire
1669750677.090000 0 7 release1669750677.090000 1 7 release 1669750677.091000 8 7 release




1669750677.103000 5 8 grant
1669750677.120000 8 7 request1669750677.120000 1 7 request
 1669750677.121000 0 7 request


1669750677.135000 5 8 inquire
1669750677.151000 8 0 grant
1669750677.166000 8 1 grant
1669750677.179000 8 0 1 21669750677.181000 8 1 inquire


1669750677.197000 8 0 inquire
 1669750677.198000 0 8 release
1669750677.213000 1 8 release1669750677.213000 6 0 grant
 1669750677.213000 2 8 release


1669750677.227000 0 8 request
1669750677.244000 6 0 inquire1669750677.245000 0 2 grant
 1669750677.245000 1 8 request
1669750677.245000 2 8 request


1669750677.275000 0 1 grant
1669750677.289000 0 1 2 3
 1669750677.291000 0 1 inquire
1669750677.307000 0 2 inquire
1669750677.323000 2 0 release1669750677.323000 3 0 release
 1669750677.324000 1 0 release


1669750677.337000 7 1 grant
1669750677.353000 1 0 request1669750677.354000 2 0 request1669750677.353000 3 0 request




1669750677.369000 7 1 inquire
1669750677.384000 1 3 grant
1669750677.400000 1 2 grant
1669750677.416000 1 2 3 41669750677.416000 1 3 inquire


1669750677.432000 1 2 inquire
1669750677.465000 4 1 release1669750677.465000 3 1 release1669750677.466000 2 1 release




1669750677.479000 8 2 grant
1669750677.495000 2 1 request1669750677.496000 4 1 request1669750677.497000 3 1 request




1669750677.510000 8 2 inquire
1669750677.527000 2 4 grant
1669750677.543000 2 3 grant
1669750677.557000 2 3 4 51669750677.558000 2 3 inquire


1669750677.573000 2 4 inquire1669750677.574000 3 2 release


1669750677.591000 5 2 release1669750677.591000 0 3 grant1669750677.592000 4 2 release




 1669750677.592000 3 2 request
1669750677.621000 3 4 grant1669750677.621000 4 2 request1669750677.622000 5 2 request1669750677.623000 0 3 inquire






1669750677.650000 3 5 grant
1669750677.665000 3 4 5 6
 1669750677.667000 3 4 inquire
1669750677.683000 3 5 inquire1669750677.683000 4 3 release


1669750677.699000 6 3 release1669750677.699000 5 3 release1669750677.699000 1 4 grant


 1669750677.701000 4 3 request


1669750677.730000 4 5 grant1669750677.731000 5 3 request1669750677.731000 1 4 inquire1669750677.731000 6 3 request






1669750677.763000 4 6 grant
1669750677.775000 4 5 6 7
 1669750677.778000 4 6 inquire
1669750677.809000 6 4 release1669750677.810000 7 4 release1669750677.811000 5 4 release




 1669750677.810000 4 5 inquire
1669750677.823000 2 5 grant
1669750677.841000 6 4 request1669750677.842000 7 4 request1669750677.842000 5 4 request




1669750677.855000 2 5 inquire
1669750677.872000 5 6 grant
1669750677.888000 5 7 grant
1669750677.900000 5 8 6 7
1669750677.903000 5 7 inquire
1669750677.920000 5 6 inquire1669750677.920000 8 5 release


1669750677.935000 7 5 release1669750677.935000 6 5 release


1669750677.949000 3 6 grant1669750677.949000 8 5 request


1669750677.965000 6 8 grant1669750677.965000 7 5 request


1669750677.997000 6 5 request
1669750678.013000 6 7 grant1669750678.013000 3 6 inquire


1669750678.027000 6 8 0 7
1669750678.045000 6 8 inquire1669750678.045000 8 6 release


1669750678.060000 7 6 release1669750678.060000 0 6 release


1669750678.077000 6 7 inquire1669750678.077000 4 7 grant
 1669750678.078000 8 6 request


1669750678.092000 0 6 request1669750678.092000 7 8 grant


1669750678.123000 7 6 request
1669750678.139000 7 0 grant1669750678.140000 4 7 inquire


1669750678.154000 7 8 0 1
 1669750678.155000 7 8 inquire
1669750678.169000 7 0 inquire1669750678.169000 8 7 release


1669750678.185000 1 7 release1669750678.185000 0 7 release1669750678.185000 5 8 grant




 1669750678.185000 8 7 request
1669750678.200000 5 8 inquire1669750678.201000 1 7 request
 1669750678.201000 0 7 request1669750678.201000 8 0 grant




1669750678.215000 8 1 grant
1669750678.231000 8 0 1 2
 1669750678.232000 8 0 inquire
1669750678.248000 8 1 inquire1669750678.248000 0 8 release


1669750678.263000 6 0 grant
1669750678.266000 2 8 release1669750678.266000 1 8 release


1669750678.280000 0 8 request1669750678.281000 1 8 request
 1669750678.282000 2 8 request


1669750678.297000 6 0 inquire
1669750678.312000 0 1 grant
1669750678.328000 0 2 grant
1669750678.340000 0 1 2 3
 1669750678.344000 0 1 inquire
1669750678.359000 0 2 inquire1669750678.360000 1 0 release


1669750678.376000 2 0 release1669750678.377000 7 1 grant
 1669750678.378000 3 0 release


1669750678.390000 1 0 request
1669750678.407000 1 3 grant1669750678.407000 7 1 inquire1669750678.408000 2 0 request1669750678.409000 3 0 request






1669750678.437000 1 2 grant
1669750678.451000 1 2 3 4
 1669750678.453000 1 3 inquire
1669750678.484000 3 1 release1669750678.484000 2 1 release
 1669750678.485000 1 2 inquire


 1669750678.486000 4 1 release
1669750678.496000 8 2 grant
1669750678.514000 3 1 request1669750678.514000 4 1 request
 1669750678.515000 2 1 request


1669750678.530000 8 2 inquire1669750678.530000 2 3 grant


1669750678.545000 2 4 grant
1669750678.561000 2 3 4 5
 1669750678.562000 2 4 inquire
1669750678.578000 2 3 inquire
1669750678.593000 3 2 release1669750678.594000 5 2 release1669750678.595000 4 2 release




1669750678.608000 0 3 grant
1669750678.625000 5 2 request1669750678.625000 4 2 request1669750678.626000 3 2 request




1669750678.639000 0 3 inquire
1669750678.655000 3 4 grant
1669750678.672000 3 5 grant
1669750678.685000 3 4 5 61669750678.687000 3 4 inquire


1669750678.718000 3 5 inquire
1669750678.733000 5 3 release1669750678.733000 6 3 release
 1669750678.734000 4 3 release


1669750678.749000 1 4 grant1669750678.749000 5 3 request


1669750678.764000 4 3 request1669750678.764000 6 3 request


1669750678.780000 4 5 grant1669750678.780000 1 4 inquire


1669750678.810000 4 6 grant
1669750678.823000 4 5 6 7
1669750678.826000 4 5 inquire
1669750678.841000 4 6 inquire
1669750678.857000 7 4 release1669750678.857000 6 4 release
 1669750678.858000 5 4 release


1669750678.870000 7 4 request1669750678.871000 2 5 grant
 1669750678.871000 5 4 request
1669750678.871000 6 4 request


1669750678.887000 2 5 inquire1669750678.887000 5 7 grant


1669750678.905000 5 6 grant
1669750678.918000 5 8 6 7
 1669750678.919000 5 7 inquire
1669750678.936000 5 6 inquire
1669750678.951000 7 5 release1669750678.951000 8 5 release
 1669750678.952000 6 5 release


1669750678.965000 3 6 grant
1669750678.981000 7 5 request1669750678.981000 6 5 request
 1669750678.981000 8 5 request


1669750678.997000 6 8 grant1669750678.998000 3 6 inquire


1669750679.013000 6 7 grant
1669750679.027000 6 8 0 7
1669750679.029000 6 8 inquire
1669750679.044000 6 7 inquire
1669750679.061000 0 6 release1669750679.061000 7 6 release
 1669750679.061000 8 6 release


1669750679.079000 0 6 request1669750679.079000 7 6 request1669750679.080000 4 7 grant1669750679.081000 8 6 request






1669750679.110000 4 7 inquire1669750679.110000 7 0 grant


1669750679.140000 7 8 grant
1669750679.154000 7 8 0 1
 1669750679.155000 7 8 inquire
1669750679.172000 7 0 inquire1669750679.172000 8 7 release


1669750679.185000 5 8 grant1669750679.185000 0 7 release
 1669750679.186000 1 7 release


1669750679.202000 0 7 request1669750679.202000 1 7 request1669750679.203000 8 7 request




1669750679.215000 5 8 inquire
1669750679.232000 8 0 grant
1669750679.248000 8 1 grant
1669750679.260000 8 0 1 2
 1669750679.263000 8 1 inquire
1669750679.293000 0 8 release1669750679.293000 1 8 release
 1669750679.295000 2 8 release
1669750679.294000 8 0 inquire


1669750679.306000 6 0 grant
1669750679.324000 2 8 request1669750679.324000 1 8 request1669750679.325000 0 8 request




1669750679.339000 6 0 inquire
1669750679.356000 0 1 grant
1669750679.371000 0 2 grant
1669750679.384000 0 1 2 3
1669750679.388000 0 2 inquire
1669750679.415000 0 1 inquire
 1669750679.417000 3 0 release1669750679.417000 2 0 release1669750679.418000 1 0 release




1669750679.433000 2 0 request1669750679.433000 1 0 request
 1669750679.434000 3 0 request
1669750679.434000 7 1 grant


1669750679.463000 7 1 inquire1669750679.463000 1 2 grant


1669750679.479000 1 3 grant
1669750679.494000 1 2 3 4
 1669750679.495000 1 2 inquire
1669750679.513000 1 3 inquire1669750679.514000 2 1 release


1669750679.527000 4 1 release1669750679.527000 3 1 release
 1669750679.529000 8 2 grant


1669750679.541000 2 1 request
1669750679.559000 2 3 grant1669750679.559000 8 2 inquire
 1669750679.559000 4 1 request
1669750679.559000 3 1 request


1669750679.588000 2 4 grant
1669750679.603000 2 3 4 5
 1669750679.605000 2 3 inquire
1669750679.621000 2 4 inquire
1669750679.638000 5 2 release1669750679.639000 4 2 release
 1669750679.639000 3 2 release


1669750679.652000 0 3 grant
1669750679.669000 3 2 request1669750679.669000 5 2 request
 1669750679.670000 4 2 request


1669750679.683000 0 3 inquire
1669750679.700000 3 4 grant
1669750679.715000 3 5 grant
1669750679.729000 3 4 5 61669750679.731000 3 5 inquire


1669750679.746000 3 4 inquire
1669750679.779000 5 3 release1669750679.779000 6 3 release
 1669750679.780000 4 3 release


1669750679.793000 1 4 grant
1669750679.811000 6 3 request1669750679.811000 4 3 request1669750679.812000 5 3 request